{
 "cells": [
  {
   "cell_type": "code",
   "execution_count": 1,
   "metadata": {},
   "outputs": [],
   "source": [
    "#import the necessary packages\n",
    "\n",
    "import pandas as pd\n",
    "import matplotlib.pyplot as plt\n",
    "import seaborn as sns\n",
    "%matplotlib inline"
   ]
  },
  {
   "cell_type": "markdown",
   "metadata": {},
   "source": [
    "Import the different spreadsheets containing the parameters for each location\n",
    "cal - calabar,\n",
    "ibn - ibadan,\n",
    "kuk - kukawa,\n",
    "kan - kano."
   ]
  },
  {
   "cell_type": "code",
   "execution_count": 2,
   "metadata": {
    "scrolled": true
   },
   "outputs": [
    {
     "data": {
      "text/html": [
       "<div>\n",
       "<style scoped>\n",
       "    .dataframe tbody tr th:only-of-type {\n",
       "        vertical-align: middle;\n",
       "    }\n",
       "\n",
       "    .dataframe tbody tr th {\n",
       "        vertical-align: top;\n",
       "    }\n",
       "\n",
       "    .dataframe thead th {\n",
       "        text-align: right;\n",
       "    }\n",
       "</style>\n",
       "<table border=\"1\" class=\"dataframe\">\n",
       "  <thead>\n",
       "    <tr style=\"text-align: right;\">\n",
       "      <th></th>\n",
       "      <th>T(K)</th>\n",
       "      <th>VP</th>\n",
       "      <th>AP</th>\n",
       "      <th>N</th>\n",
       "      <th>R</th>\n",
       "      <th>TL</th>\n",
       "      <th>ϴT</th>\n",
       "      <th>ϴ</th>\n",
       "    </tr>\n",
       "    <tr>\n",
       "      <th>Year</th>\n",
       "      <th></th>\n",
       "      <th></th>\n",
       "      <th></th>\n",
       "      <th></th>\n",
       "      <th></th>\n",
       "      <th></th>\n",
       "      <th></th>\n",
       "      <th></th>\n",
       "    </tr>\n",
       "  </thead>\n",
       "  <tbody>\n",
       "    <tr>\n",
       "      <th>1981</th>\n",
       "      <td>297.809167</td>\n",
       "      <td>27.299015</td>\n",
       "      <td>996.416667</td>\n",
       "      <td>375.054142</td>\n",
       "      <td>17.522100</td>\n",
       "      <td>295.126130</td>\n",
       "      <td>349.195856</td>\n",
       "      <td>298.113286</td>\n",
       "    </tr>\n",
       "    <tr>\n",
       "      <th>1982</th>\n",
       "      <td>297.447500</td>\n",
       "      <td>27.255807</td>\n",
       "      <td>996.350000</td>\n",
       "      <td>375.450407</td>\n",
       "      <td>17.494295</td>\n",
       "      <td>295.191838</td>\n",
       "      <td>348.674030</td>\n",
       "      <td>297.756978</td>\n",
       "    </tr>\n",
       "    <tr>\n",
       "      <th>1983</th>\n",
       "      <td>298.380833</td>\n",
       "      <td>27.194593</td>\n",
       "      <td>996.766667</td>\n",
       "      <td>373.756648</td>\n",
       "      <td>17.448782</td>\n",
       "      <td>294.895907</td>\n",
       "      <td>349.670218</td>\n",
       "      <td>298.656432</td>\n",
       "    </tr>\n",
       "    <tr>\n",
       "      <th>1984</th>\n",
       "      <td>297.471667</td>\n",
       "      <td>27.028972</td>\n",
       "      <td>995.708333</td>\n",
       "      <td>374.271771</td>\n",
       "      <td>17.357327</td>\n",
       "      <td>294.990009</td>\n",
       "      <td>348.377978</td>\n",
       "      <td>297.835504</td>\n",
       "    </tr>\n",
       "    <tr>\n",
       "      <th>1985</th>\n",
       "      <td>297.728333</td>\n",
       "      <td>26.905763</td>\n",
       "      <td>996.108333</td>\n",
       "      <td>373.465668</td>\n",
       "      <td>17.268158</td>\n",
       "      <td>294.849443</td>\n",
       "      <td>348.380419</td>\n",
       "      <td>298.058695</td>\n",
       "    </tr>\n",
       "  </tbody>\n",
       "</table>\n",
       "</div>"
      ],
      "text/plain": [
       "            T(K)         VP          AP           N          R          TL  \\\n",
       "Year                                                                         \n",
       "1981  297.809167  27.299015  996.416667  375.054142  17.522100  295.126130   \n",
       "1982  297.447500  27.255807  996.350000  375.450407  17.494295  295.191838   \n",
       "1983  298.380833  27.194593  996.766667  373.756648  17.448782  294.895907   \n",
       "1984  297.471667  27.028972  995.708333  374.271771  17.357327  294.990009   \n",
       "1985  297.728333  26.905763  996.108333  373.465668  17.268158  294.849443   \n",
       "\n",
       "              ϴT           ϴ  \n",
       "Year                          \n",
       "1981  349.195856  298.113286  \n",
       "1982  348.674030  297.756978  \n",
       "1983  349.670218  298.656432  \n",
       "1984  348.377978  297.835504  \n",
       "1985  348.380419  298.058695  "
      ]
     },
     "execution_count": 2,
     "metadata": {},
     "output_type": "execute_result"
    }
   ],
   "source": [
    "cal=pd.read_excel('climate corr.xlsx', sheet_name ='calabar', index_col='Year')\n",
    "cal.head()"
   ]
  },
  {
   "cell_type": "code",
   "execution_count": 3,
   "metadata": {},
   "outputs": [
    {
     "data": {
      "text/html": [
       "<div>\n",
       "<style scoped>\n",
       "    .dataframe tbody tr th:only-of-type {\n",
       "        vertical-align: middle;\n",
       "    }\n",
       "\n",
       "    .dataframe tbody tr th {\n",
       "        vertical-align: top;\n",
       "    }\n",
       "\n",
       "    .dataframe thead th {\n",
       "        text-align: right;\n",
       "    }\n",
       "</style>\n",
       "<table border=\"1\" class=\"dataframe\">\n",
       "  <thead>\n",
       "    <tr style=\"text-align: right;\">\n",
       "      <th></th>\n",
       "      <th>T(K)</th>\n",
       "      <th>VP</th>\n",
       "      <th>AP</th>\n",
       "      <th>N</th>\n",
       "      <th>R</th>\n",
       "      <th>TL</th>\n",
       "      <th>ϴT</th>\n",
       "      <th>ϴ</th>\n",
       "    </tr>\n",
       "    <tr>\n",
       "      <th>Year</th>\n",
       "      <th></th>\n",
       "      <th></th>\n",
       "      <th></th>\n",
       "      <th></th>\n",
       "      <th></th>\n",
       "      <th></th>\n",
       "      <th></th>\n",
       "      <th></th>\n",
       "    </tr>\n",
       "  </thead>\n",
       "  <tbody>\n",
       "    <tr>\n",
       "      <th>1981</th>\n",
       "      <td>297.652500</td>\n",
       "      <td>25.769608</td>\n",
       "      <td>988.900000</td>\n",
       "      <td>366.473859</td>\n",
       "      <td>16.641066</td>\n",
       "      <td>293.764575</td>\n",
       "      <td>347.298707</td>\n",
       "      <td>298.525944</td>\n",
       "    </tr>\n",
       "    <tr>\n",
       "      <th>1982</th>\n",
       "      <td>297.727500</td>\n",
       "      <td>25.866100</td>\n",
       "      <td>988.983333</td>\n",
       "      <td>366.839998</td>\n",
       "      <td>16.698402</td>\n",
       "      <td>293.871170</td>\n",
       "      <td>347.539072</td>\n",
       "      <td>298.614743</td>\n",
       "    </tr>\n",
       "    <tr>\n",
       "      <th>1983</th>\n",
       "      <td>297.769167</td>\n",
       "      <td>25.938484</td>\n",
       "      <td>989.050000</td>\n",
       "      <td>366.965013</td>\n",
       "      <td>16.742213</td>\n",
       "      <td>293.901478</td>\n",
       "      <td>347.576638</td>\n",
       "      <td>298.631524</td>\n",
       "    </tr>\n",
       "    <tr>\n",
       "      <th>1984</th>\n",
       "      <td>297.954167</td>\n",
       "      <td>25.995192</td>\n",
       "      <td>989.125000</td>\n",
       "      <td>367.621130</td>\n",
       "      <td>16.779416</td>\n",
       "      <td>294.021559</td>\n",
       "      <td>347.707271</td>\n",
       "      <td>298.825777</td>\n",
       "    </tr>\n",
       "    <tr>\n",
       "      <th>1985</th>\n",
       "      <td>297.970833</td>\n",
       "      <td>26.111579</td>\n",
       "      <td>989.300000</td>\n",
       "      <td>367.780290</td>\n",
       "      <td>16.874159</td>\n",
       "      <td>294.026806</td>\n",
       "      <td>348.574974</td>\n",
       "      <td>298.855109</td>\n",
       "    </tr>\n",
       "  </tbody>\n",
       "</table>\n",
       "</div>"
      ],
      "text/plain": [
       "            T(K)         VP          AP           N          R          TL  \\\n",
       "Year                                                                         \n",
       "1981  297.652500  25.769608  988.900000  366.473859  16.641066  293.764575   \n",
       "1982  297.727500  25.866100  988.983333  366.839998  16.698402  293.871170   \n",
       "1983  297.769167  25.938484  989.050000  366.965013  16.742213  293.901478   \n",
       "1984  297.954167  25.995192  989.125000  367.621130  16.779416  294.021559   \n",
       "1985  297.970833  26.111579  989.300000  367.780290  16.874159  294.026806   \n",
       "\n",
       "              ϴT           ϴ  \n",
       "Year                          \n",
       "1981  347.298707  298.525944  \n",
       "1982  347.539072  298.614743  \n",
       "1983  347.576638  298.631524  \n",
       "1984  347.707271  298.825777  \n",
       "1985  348.574974  298.855109  "
      ]
     },
     "execution_count": 3,
     "metadata": {},
     "output_type": "execute_result"
    }
   ],
   "source": [
    "kuk=pd.read_excel('climate corr.xlsx', sheet_name ='kukawa', index_col='Year')\n",
    "kuk.head()"
   ]
  },
  {
   "cell_type": "code",
   "execution_count": 4,
   "metadata": {
    "scrolled": true
   },
   "outputs": [
    {
     "data": {
      "text/html": [
       "<div>\n",
       "<style scoped>\n",
       "    .dataframe tbody tr th:only-of-type {\n",
       "        vertical-align: middle;\n",
       "    }\n",
       "\n",
       "    .dataframe tbody tr th {\n",
       "        vertical-align: top;\n",
       "    }\n",
       "\n",
       "    .dataframe thead th {\n",
       "        text-align: right;\n",
       "    }\n",
       "</style>\n",
       "<table border=\"1\" class=\"dataframe\">\n",
       "  <thead>\n",
       "    <tr style=\"text-align: right;\">\n",
       "      <th></th>\n",
       "      <th>T(K)</th>\n",
       "      <th>VP</th>\n",
       "      <th>AP</th>\n",
       "      <th>N</th>\n",
       "      <th>R</th>\n",
       "      <th>TL</th>\n",
       "      <th>ϴT</th>\n",
       "      <th>ϴ</th>\n",
       "    </tr>\n",
       "    <tr>\n",
       "      <th>Year</th>\n",
       "      <th></th>\n",
       "      <th></th>\n",
       "      <th></th>\n",
       "      <th></th>\n",
       "      <th></th>\n",
       "      <th></th>\n",
       "      <th></th>\n",
       "      <th></th>\n",
       "    </tr>\n",
       "  </thead>\n",
       "  <tbody>\n",
       "    <tr>\n",
       "      <th>1981</th>\n",
       "      <td>298.374167</td>\n",
       "      <td>15.618697</td>\n",
       "      <td>960.550000</td>\n",
       "      <td>315.122843</td>\n",
       "      <td>10.330774</td>\n",
       "      <td>281.554016</td>\n",
       "      <td>332.859321</td>\n",
       "      <td>301.812539</td>\n",
       "    </tr>\n",
       "    <tr>\n",
       "      <th>1982</th>\n",
       "      <td>298.756667</td>\n",
       "      <td>16.510078</td>\n",
       "      <td>960.441667</td>\n",
       "      <td>318.419509</td>\n",
       "      <td>10.919639</td>\n",
       "      <td>283.148446</td>\n",
       "      <td>334.999812</td>\n",
       "      <td>302.208334</td>\n",
       "    </tr>\n",
       "    <tr>\n",
       "      <th>1983</th>\n",
       "      <td>298.055000</td>\n",
       "      <td>14.513767</td>\n",
       "      <td>961.141667</td>\n",
       "      <td>311.072128</td>\n",
       "      <td>9.589215</td>\n",
       "      <td>280.067978</td>\n",
       "      <td>330.271194</td>\n",
       "      <td>301.438431</td>\n",
       "    </tr>\n",
       "    <tr>\n",
       "      <th>1984</th>\n",
       "      <td>298.455833</td>\n",
       "      <td>16.286631</td>\n",
       "      <td>959.800000</td>\n",
       "      <td>317.581049</td>\n",
       "      <td>10.782303</td>\n",
       "      <td>282.669561</td>\n",
       "      <td>334.364508</td>\n",
       "      <td>301.962006</td>\n",
       "    </tr>\n",
       "    <tr>\n",
       "      <th>1985</th>\n",
       "      <td>298.229167</td>\n",
       "      <td>15.059492</td>\n",
       "      <td>960.216667</td>\n",
       "      <td>312.932702</td>\n",
       "      <td>9.955178</td>\n",
       "      <td>281.038468</td>\n",
       "      <td>331.603839</td>\n",
       "      <td>301.695861</td>\n",
       "    </tr>\n",
       "  </tbody>\n",
       "</table>\n",
       "</div>"
      ],
      "text/plain": [
       "            T(K)         VP          AP           N          R          TL  \\\n",
       "Year                                                                         \n",
       "1981  298.374167  15.618697  960.550000  315.122843  10.330774  281.554016   \n",
       "1982  298.756667  16.510078  960.441667  318.419509  10.919639  283.148446   \n",
       "1983  298.055000  14.513767  961.141667  311.072128   9.589215  280.067978   \n",
       "1984  298.455833  16.286631  959.800000  317.581049  10.782303  282.669561   \n",
       "1985  298.229167  15.059492  960.216667  312.932702   9.955178  281.038468   \n",
       "\n",
       "              ϴT           ϴ  \n",
       "Year                          \n",
       "1981  332.859321  301.812539  \n",
       "1982  334.999812  302.208334  \n",
       "1983  330.271194  301.438431  \n",
       "1984  334.364508  301.962006  \n",
       "1985  331.603839  301.695861  "
      ]
     },
     "execution_count": 4,
     "metadata": {},
     "output_type": "execute_result"
    }
   ],
   "source": [
    "kan=pd.read_excel('climate corr.xlsx', sheet_name ='kano', index_col='Year')\n",
    "kan.head()"
   ]
  },
  {
   "cell_type": "code",
   "execution_count": 5,
   "metadata": {
    "scrolled": true
   },
   "outputs": [
    {
     "data": {
      "text/html": [
       "<div>\n",
       "<style scoped>\n",
       "    .dataframe tbody tr th:only-of-type {\n",
       "        vertical-align: middle;\n",
       "    }\n",
       "\n",
       "    .dataframe tbody tr th {\n",
       "        vertical-align: top;\n",
       "    }\n",
       "\n",
       "    .dataframe thead th {\n",
       "        text-align: right;\n",
       "    }\n",
       "</style>\n",
       "<table border=\"1\" class=\"dataframe\">\n",
       "  <thead>\n",
       "    <tr style=\"text-align: right;\">\n",
       "      <th></th>\n",
       "      <th>T(K)</th>\n",
       "      <th>VP</th>\n",
       "      <th>AP</th>\n",
       "      <th>N</th>\n",
       "      <th>R</th>\n",
       "      <th>TL</th>\n",
       "      <th>ϴT</th>\n",
       "      <th>ϴ</th>\n",
       "    </tr>\n",
       "    <tr>\n",
       "      <th>Year</th>\n",
       "      <th></th>\n",
       "      <th></th>\n",
       "      <th></th>\n",
       "      <th></th>\n",
       "      <th></th>\n",
       "      <th></th>\n",
       "      <th></th>\n",
       "      <th></th>\n",
       "    </tr>\n",
       "  </thead>\n",
       "  <tbody>\n",
       "    <tr>\n",
       "      <th>1981</th>\n",
       "      <td>298.045000</td>\n",
       "      <td>26.566986</td>\n",
       "      <td>989.675000</td>\n",
       "      <td>369.798076</td>\n",
       "      <td>17.160486</td>\n",
       "      <td>294.481241</td>\n",
       "      <td>349.147785</td>\n",
       "      <td>298.925137</td>\n",
       "    </tr>\n",
       "    <tr>\n",
       "      <th>1982</th>\n",
       "      <td>297.652500</td>\n",
       "      <td>25.995192</td>\n",
       "      <td>989.741667</td>\n",
       "      <td>368.042480</td>\n",
       "      <td>16.779416</td>\n",
       "      <td>294.143730</td>\n",
       "      <td>347.539072</td>\n",
       "      <td>298.525944</td>\n",
       "    </tr>\n",
       "    <tr>\n",
       "      <th>1983</th>\n",
       "      <td>298.800000</td>\n",
       "      <td>26.378266</td>\n",
       "      <td>990.000000</td>\n",
       "      <td>367.780290</td>\n",
       "      <td>17.035596</td>\n",
       "      <td>294.026806</td>\n",
       "      <td>349.728094</td>\n",
       "      <td>299.654887</td>\n",
       "    </tr>\n",
       "    <tr>\n",
       "      <th>1984</th>\n",
       "      <td>298.810000</td>\n",
       "      <td>26.111579</td>\n",
       "      <td>988.900000</td>\n",
       "      <td>366.473859</td>\n",
       "      <td>16.874159</td>\n",
       "      <td>293.901478</td>\n",
       "      <td>349.334968</td>\n",
       "      <td>299.759517</td>\n",
       "    </tr>\n",
       "    <tr>\n",
       "      <th>1985</th>\n",
       "      <td>298.249167</td>\n",
       "      <td>26.200569</td>\n",
       "      <td>989.316667</td>\n",
       "      <td>367.835781</td>\n",
       "      <td>16.923950</td>\n",
       "      <td>294.143065</td>\n",
       "      <td>348.744337</td>\n",
       "      <td>299.161005</td>\n",
       "    </tr>\n",
       "  </tbody>\n",
       "</table>\n",
       "</div>"
      ],
      "text/plain": [
       "            T(K)         VP          AP           N          R          TL  \\\n",
       "Year                                                                         \n",
       "1981  298.045000  26.566986  989.675000  369.798076  17.160486  294.481241   \n",
       "1982  297.652500  25.995192  989.741667  368.042480  16.779416  294.143730   \n",
       "1983  298.800000  26.378266  990.000000  367.780290  17.035596  294.026806   \n",
       "1984  298.810000  26.111579  988.900000  366.473859  16.874159  293.901478   \n",
       "1985  298.249167  26.200569  989.316667  367.835781  16.923950  294.143065   \n",
       "\n",
       "              ϴT           ϴ  \n",
       "Year                          \n",
       "1981  349.147785  298.925137  \n",
       "1982  347.539072  298.525944  \n",
       "1983  349.728094  299.654887  \n",
       "1984  349.334968  299.759517  \n",
       "1985  348.744337  299.161005  "
      ]
     },
     "execution_count": 5,
     "metadata": {},
     "output_type": "execute_result"
    }
   ],
   "source": [
    "ibn=pd.read_excel('climate corr.xlsx', sheet_name ='ibadan', index_col='Year')\n",
    "ibn.head()"
   ]
  },
  {
   "cell_type": "markdown",
   "metadata": {},
   "source": [
    "FIND THE CORRELATION BETWEEN PARAMETERS FOR EACH LOCATION"
   ]
  },
  {
   "cell_type": "code",
   "execution_count": 6,
   "metadata": {},
   "outputs": [
    {
     "data": {
      "text/html": [
       "<div>\n",
       "<style scoped>\n",
       "    .dataframe tbody tr th:only-of-type {\n",
       "        vertical-align: middle;\n",
       "    }\n",
       "\n",
       "    .dataframe tbody tr th {\n",
       "        vertical-align: top;\n",
       "    }\n",
       "\n",
       "    .dataframe thead th {\n",
       "        text-align: right;\n",
       "    }\n",
       "</style>\n",
       "<table border=\"1\" class=\"dataframe\">\n",
       "  <thead>\n",
       "    <tr style=\"text-align: right;\">\n",
       "      <th></th>\n",
       "      <th>T(K)</th>\n",
       "      <th>VP</th>\n",
       "      <th>AP</th>\n",
       "      <th>N</th>\n",
       "      <th>R</th>\n",
       "      <th>TL</th>\n",
       "      <th>ϴT</th>\n",
       "      <th>ϴ</th>\n",
       "    </tr>\n",
       "  </thead>\n",
       "  <tbody>\n",
       "    <tr>\n",
       "      <th>T(K)</th>\n",
       "      <td>1.000000</td>\n",
       "      <td>0.549604</td>\n",
       "      <td>0.019237</td>\n",
       "      <td>0.406823</td>\n",
       "      <td>0.548883</td>\n",
       "      <td>0.433328</td>\n",
       "      <td>0.710490</td>\n",
       "      <td>0.996429</td>\n",
       "    </tr>\n",
       "    <tr>\n",
       "      <th>VP</th>\n",
       "      <td>0.549604</td>\n",
       "      <td>1.000000</td>\n",
       "      <td>-0.083321</td>\n",
       "      <td>0.986306</td>\n",
       "      <td>0.999913</td>\n",
       "      <td>0.986241</td>\n",
       "      <td>0.977696</td>\n",
       "      <td>0.555111</td>\n",
       "    </tr>\n",
       "    <tr>\n",
       "      <th>AP</th>\n",
       "      <td>0.019237</td>\n",
       "      <td>-0.083321</td>\n",
       "      <td>1.000000</td>\n",
       "      <td>-0.066160</td>\n",
       "      <td>-0.095235</td>\n",
       "      <td>-0.103494</td>\n",
       "      <td>-0.094577</td>\n",
       "      <td>-0.065251</td>\n",
       "    </tr>\n",
       "    <tr>\n",
       "      <th>N</th>\n",
       "      <td>0.406823</td>\n",
       "      <td>0.986306</td>\n",
       "      <td>-0.066160</td>\n",
       "      <td>1.000000</td>\n",
       "      <td>0.985940</td>\n",
       "      <td>0.994674</td>\n",
       "      <td>0.929695</td>\n",
       "      <td>0.411114</td>\n",
       "    </tr>\n",
       "    <tr>\n",
       "      <th>R</th>\n",
       "      <td>0.548883</td>\n",
       "      <td>0.999913</td>\n",
       "      <td>-0.095235</td>\n",
       "      <td>0.985940</td>\n",
       "      <td>1.000000</td>\n",
       "      <td>0.985839</td>\n",
       "      <td>0.977889</td>\n",
       "      <td>0.555398</td>\n",
       "    </tr>\n",
       "    <tr>\n",
       "      <th>TL</th>\n",
       "      <td>0.433328</td>\n",
       "      <td>0.986241</td>\n",
       "      <td>-0.103494</td>\n",
       "      <td>0.994674</td>\n",
       "      <td>0.985839</td>\n",
       "      <td>1.000000</td>\n",
       "      <td>0.935918</td>\n",
       "      <td>0.440733</td>\n",
       "    </tr>\n",
       "    <tr>\n",
       "      <th>ϴT</th>\n",
       "      <td>0.710490</td>\n",
       "      <td>0.977696</td>\n",
       "      <td>-0.094577</td>\n",
       "      <td>0.929695</td>\n",
       "      <td>0.977889</td>\n",
       "      <td>0.935918</td>\n",
       "      <td>1.000000</td>\n",
       "      <td>0.716709</td>\n",
       "    </tr>\n",
       "    <tr>\n",
       "      <th>ϴ</th>\n",
       "      <td>0.996429</td>\n",
       "      <td>0.555111</td>\n",
       "      <td>-0.065251</td>\n",
       "      <td>0.411114</td>\n",
       "      <td>0.555398</td>\n",
       "      <td>0.440733</td>\n",
       "      <td>0.716709</td>\n",
       "      <td>1.000000</td>\n",
       "    </tr>\n",
       "  </tbody>\n",
       "</table>\n",
       "</div>"
      ],
      "text/plain": [
       "          T(K)        VP        AP         N         R        TL        ϴT  \\\n",
       "T(K)  1.000000  0.549604  0.019237  0.406823  0.548883  0.433328  0.710490   \n",
       "VP    0.549604  1.000000 -0.083321  0.986306  0.999913  0.986241  0.977696   \n",
       "AP    0.019237 -0.083321  1.000000 -0.066160 -0.095235 -0.103494 -0.094577   \n",
       "N     0.406823  0.986306 -0.066160  1.000000  0.985940  0.994674  0.929695   \n",
       "R     0.548883  0.999913 -0.095235  0.985940  1.000000  0.985839  0.977889   \n",
       "TL    0.433328  0.986241 -0.103494  0.994674  0.985839  1.000000  0.935918   \n",
       "ϴT    0.710490  0.977696 -0.094577  0.929695  0.977889  0.935918  1.000000   \n",
       "ϴ     0.996429  0.555111 -0.065251  0.411114  0.555398  0.440733  0.716709   \n",
       "\n",
       "             ϴ  \n",
       "T(K)  0.996429  \n",
       "VP    0.555111  \n",
       "AP   -0.065251  \n",
       "N     0.411114  \n",
       "R     0.555398  \n",
       "TL    0.440733  \n",
       "ϴT    0.716709  \n",
       "ϴ     1.000000  "
      ]
     },
     "execution_count": 6,
     "metadata": {},
     "output_type": "execute_result"
    }
   ],
   "source": [
    "ibn_corr = ibn.corr()\n",
    "ibn_corr"
   ]
  },
  {
   "cell_type": "code",
   "execution_count": 7,
   "metadata": {},
   "outputs": [
    {
     "data": {
      "text/html": [
       "<div>\n",
       "<style scoped>\n",
       "    .dataframe tbody tr th:only-of-type {\n",
       "        vertical-align: middle;\n",
       "    }\n",
       "\n",
       "    .dataframe tbody tr th {\n",
       "        vertical-align: top;\n",
       "    }\n",
       "\n",
       "    .dataframe thead th {\n",
       "        text-align: right;\n",
       "    }\n",
       "</style>\n",
       "<table border=\"1\" class=\"dataframe\">\n",
       "  <thead>\n",
       "    <tr style=\"text-align: right;\">\n",
       "      <th></th>\n",
       "      <th>T(K)</th>\n",
       "      <th>VP</th>\n",
       "      <th>AP</th>\n",
       "      <th>N</th>\n",
       "      <th>R</th>\n",
       "      <th>TL</th>\n",
       "      <th>ϴT</th>\n",
       "      <th>ϴ</th>\n",
       "    </tr>\n",
       "  </thead>\n",
       "  <tbody>\n",
       "    <tr>\n",
       "      <th>T(K)</th>\n",
       "      <td>1.000000</td>\n",
       "      <td>0.801867</td>\n",
       "      <td>0.100671</td>\n",
       "      <td>0.699577</td>\n",
       "      <td>0.800396</td>\n",
       "      <td>0.706298</td>\n",
       "      <td>0.887877</td>\n",
       "      <td>0.998019</td>\n",
       "    </tr>\n",
       "    <tr>\n",
       "      <th>VP</th>\n",
       "      <td>0.801867</td>\n",
       "      <td>1.000000</td>\n",
       "      <td>-0.071424</td>\n",
       "      <td>0.987516</td>\n",
       "      <td>0.999926</td>\n",
       "      <td>0.988975</td>\n",
       "      <td>0.986411</td>\n",
       "      <td>0.809773</td>\n",
       "    </tr>\n",
       "    <tr>\n",
       "      <th>AP</th>\n",
       "      <td>0.100671</td>\n",
       "      <td>-0.071424</td>\n",
       "      <td>1.000000</td>\n",
       "      <td>-0.081840</td>\n",
       "      <td>-0.083361</td>\n",
       "      <td>-0.104816</td>\n",
       "      <td>-0.052492</td>\n",
       "      <td>0.037878</td>\n",
       "    </tr>\n",
       "    <tr>\n",
       "      <th>N</th>\n",
       "      <td>0.699577</td>\n",
       "      <td>0.987516</td>\n",
       "      <td>-0.081840</td>\n",
       "      <td>1.000000</td>\n",
       "      <td>0.987446</td>\n",
       "      <td>0.999202</td>\n",
       "      <td>0.948241</td>\n",
       "      <td>0.707666</td>\n",
       "    </tr>\n",
       "    <tr>\n",
       "      <th>R</th>\n",
       "      <td>0.800396</td>\n",
       "      <td>0.999926</td>\n",
       "      <td>-0.083361</td>\n",
       "      <td>0.987446</td>\n",
       "      <td>1.000000</td>\n",
       "      <td>0.989149</td>\n",
       "      <td>0.986266</td>\n",
       "      <td>0.809050</td>\n",
       "    </tr>\n",
       "    <tr>\n",
       "      <th>TL</th>\n",
       "      <td>0.706298</td>\n",
       "      <td>0.988975</td>\n",
       "      <td>-0.104816</td>\n",
       "      <td>0.999202</td>\n",
       "      <td>0.989149</td>\n",
       "      <td>1.000000</td>\n",
       "      <td>0.951797</td>\n",
       "      <td>0.715874</td>\n",
       "    </tr>\n",
       "    <tr>\n",
       "      <th>ϴT</th>\n",
       "      <td>0.887877</td>\n",
       "      <td>0.986411</td>\n",
       "      <td>-0.052492</td>\n",
       "      <td>0.948241</td>\n",
       "      <td>0.986266</td>\n",
       "      <td>0.951797</td>\n",
       "      <td>1.000000</td>\n",
       "      <td>0.894994</td>\n",
       "    </tr>\n",
       "    <tr>\n",
       "      <th>ϴ</th>\n",
       "      <td>0.998019</td>\n",
       "      <td>0.809773</td>\n",
       "      <td>0.037878</td>\n",
       "      <td>0.707666</td>\n",
       "      <td>0.809050</td>\n",
       "      <td>0.715874</td>\n",
       "      <td>0.894994</td>\n",
       "      <td>1.000000</td>\n",
       "    </tr>\n",
       "  </tbody>\n",
       "</table>\n",
       "</div>"
      ],
      "text/plain": [
       "          T(K)        VP        AP         N         R        TL        ϴT  \\\n",
       "T(K)  1.000000  0.801867  0.100671  0.699577  0.800396  0.706298  0.887877   \n",
       "VP    0.801867  1.000000 -0.071424  0.987516  0.999926  0.988975  0.986411   \n",
       "AP    0.100671 -0.071424  1.000000 -0.081840 -0.083361 -0.104816 -0.052492   \n",
       "N     0.699577  0.987516 -0.081840  1.000000  0.987446  0.999202  0.948241   \n",
       "R     0.800396  0.999926 -0.083361  0.987446  1.000000  0.989149  0.986266   \n",
       "TL    0.706298  0.988975 -0.104816  0.999202  0.989149  1.000000  0.951797   \n",
       "ϴT    0.887877  0.986411 -0.052492  0.948241  0.986266  0.951797  1.000000   \n",
       "ϴ     0.998019  0.809773  0.037878  0.707666  0.809050  0.715874  0.894994   \n",
       "\n",
       "             ϴ  \n",
       "T(K)  0.998019  \n",
       "VP    0.809773  \n",
       "AP    0.037878  \n",
       "N     0.707666  \n",
       "R     0.809050  \n",
       "TL    0.715874  \n",
       "ϴT    0.894994  \n",
       "ϴ     1.000000  "
      ]
     },
     "execution_count": 7,
     "metadata": {},
     "output_type": "execute_result"
    }
   ],
   "source": [
    "cal_corr = cal.corr()\n",
    "cal_corr"
   ]
  },
  {
   "cell_type": "code",
   "execution_count": 8,
   "metadata": {},
   "outputs": [
    {
     "data": {
      "text/html": [
       "<div>\n",
       "<style scoped>\n",
       "    .dataframe tbody tr th:only-of-type {\n",
       "        vertical-align: middle;\n",
       "    }\n",
       "\n",
       "    .dataframe tbody tr th {\n",
       "        vertical-align: top;\n",
       "    }\n",
       "\n",
       "    .dataframe thead th {\n",
       "        text-align: right;\n",
       "    }\n",
       "</style>\n",
       "<table border=\"1\" class=\"dataframe\">\n",
       "  <thead>\n",
       "    <tr style=\"text-align: right;\">\n",
       "      <th></th>\n",
       "      <th>T(K)</th>\n",
       "      <th>VP</th>\n",
       "      <th>AP</th>\n",
       "      <th>N</th>\n",
       "      <th>R</th>\n",
       "      <th>TL</th>\n",
       "      <th>ϴT</th>\n",
       "      <th>ϴ</th>\n",
       "    </tr>\n",
       "  </thead>\n",
       "  <tbody>\n",
       "    <tr>\n",
       "      <th>T(K)</th>\n",
       "      <td>1.000000</td>\n",
       "      <td>0.850942</td>\n",
       "      <td>0.920852</td>\n",
       "      <td>0.834199</td>\n",
       "      <td>0.849561</td>\n",
       "      <td>0.861786</td>\n",
       "      <td>0.885668</td>\n",
       "      <td>0.996704</td>\n",
       "    </tr>\n",
       "    <tr>\n",
       "      <th>VP</th>\n",
       "      <td>0.850942</td>\n",
       "      <td>1.000000</td>\n",
       "      <td>0.703424</td>\n",
       "      <td>0.995372</td>\n",
       "      <td>0.999920</td>\n",
       "      <td>0.995799</td>\n",
       "      <td>0.988359</td>\n",
       "      <td>0.854806</td>\n",
       "    </tr>\n",
       "    <tr>\n",
       "      <th>AP</th>\n",
       "      <td>0.920852</td>\n",
       "      <td>0.703424</td>\n",
       "      <td>1.000000</td>\n",
       "      <td>0.685501</td>\n",
       "      <td>0.701634</td>\n",
       "      <td>0.723927</td>\n",
       "      <td>0.748902</td>\n",
       "      <td>0.923577</td>\n",
       "    </tr>\n",
       "    <tr>\n",
       "      <th>N</th>\n",
       "      <td>0.834199</td>\n",
       "      <td>0.995372</td>\n",
       "      <td>0.685501</td>\n",
       "      <td>1.000000</td>\n",
       "      <td>0.995288</td>\n",
       "      <td>0.996748</td>\n",
       "      <td>0.979271</td>\n",
       "      <td>0.837091</td>\n",
       "    </tr>\n",
       "    <tr>\n",
       "      <th>R</th>\n",
       "      <td>0.849561</td>\n",
       "      <td>0.999920</td>\n",
       "      <td>0.701634</td>\n",
       "      <td>0.995288</td>\n",
       "      <td>1.000000</td>\n",
       "      <td>0.995658</td>\n",
       "      <td>0.988374</td>\n",
       "      <td>0.853473</td>\n",
       "    </tr>\n",
       "    <tr>\n",
       "      <th>TL</th>\n",
       "      <td>0.861786</td>\n",
       "      <td>0.995799</td>\n",
       "      <td>0.723927</td>\n",
       "      <td>0.996748</td>\n",
       "      <td>0.995658</td>\n",
       "      <td>1.000000</td>\n",
       "      <td>0.984047</td>\n",
       "      <td>0.865431</td>\n",
       "    </tr>\n",
       "    <tr>\n",
       "      <th>ϴT</th>\n",
       "      <td>0.885668</td>\n",
       "      <td>0.988359</td>\n",
       "      <td>0.748902</td>\n",
       "      <td>0.979271</td>\n",
       "      <td>0.988374</td>\n",
       "      <td>0.984047</td>\n",
       "      <td>1.000000</td>\n",
       "      <td>0.889179</td>\n",
       "    </tr>\n",
       "    <tr>\n",
       "      <th>ϴ</th>\n",
       "      <td>0.996704</td>\n",
       "      <td>0.854806</td>\n",
       "      <td>0.923577</td>\n",
       "      <td>0.837091</td>\n",
       "      <td>0.853473</td>\n",
       "      <td>0.865431</td>\n",
       "      <td>0.889179</td>\n",
       "      <td>1.000000</td>\n",
       "    </tr>\n",
       "  </tbody>\n",
       "</table>\n",
       "</div>"
      ],
      "text/plain": [
       "          T(K)        VP        AP         N         R        TL        ϴT  \\\n",
       "T(K)  1.000000  0.850942  0.920852  0.834199  0.849561  0.861786  0.885668   \n",
       "VP    0.850942  1.000000  0.703424  0.995372  0.999920  0.995799  0.988359   \n",
       "AP    0.920852  0.703424  1.000000  0.685501  0.701634  0.723927  0.748902   \n",
       "N     0.834199  0.995372  0.685501  1.000000  0.995288  0.996748  0.979271   \n",
       "R     0.849561  0.999920  0.701634  0.995288  1.000000  0.995658  0.988374   \n",
       "TL    0.861786  0.995799  0.723927  0.996748  0.995658  1.000000  0.984047   \n",
       "ϴT    0.885668  0.988359  0.748902  0.979271  0.988374  0.984047  1.000000   \n",
       "ϴ     0.996704  0.854806  0.923577  0.837091  0.853473  0.865431  0.889179   \n",
       "\n",
       "             ϴ  \n",
       "T(K)  0.996704  \n",
       "VP    0.854806  \n",
       "AP    0.923577  \n",
       "N     0.837091  \n",
       "R     0.853473  \n",
       "TL    0.865431  \n",
       "ϴT    0.889179  \n",
       "ϴ     1.000000  "
      ]
     },
     "execution_count": 8,
     "metadata": {},
     "output_type": "execute_result"
    }
   ],
   "source": [
    "kuk_corr = kuk.corr()\n",
    "kuk_corr"
   ]
  },
  {
   "cell_type": "code",
   "execution_count": 9,
   "metadata": {
    "scrolled": true
   },
   "outputs": [
    {
     "data": {
      "text/html": [
       "<div>\n",
       "<style scoped>\n",
       "    .dataframe tbody tr th:only-of-type {\n",
       "        vertical-align: middle;\n",
       "    }\n",
       "\n",
       "    .dataframe tbody tr th {\n",
       "        vertical-align: top;\n",
       "    }\n",
       "\n",
       "    .dataframe thead th {\n",
       "        text-align: right;\n",
       "    }\n",
       "</style>\n",
       "<table border=\"1\" class=\"dataframe\">\n",
       "  <thead>\n",
       "    <tr style=\"text-align: right;\">\n",
       "      <th></th>\n",
       "      <th>T(K)</th>\n",
       "      <th>VP</th>\n",
       "      <th>AP</th>\n",
       "      <th>N</th>\n",
       "      <th>R</th>\n",
       "      <th>TL</th>\n",
       "      <th>ϴT</th>\n",
       "      <th>ϴ</th>\n",
       "    </tr>\n",
       "  </thead>\n",
       "  <tbody>\n",
       "    <tr>\n",
       "      <th>T(K)</th>\n",
       "      <td>1.000000</td>\n",
       "      <td>-0.506260</td>\n",
       "      <td>-0.072334</td>\n",
       "      <td>-0.657014</td>\n",
       "      <td>-0.507556</td>\n",
       "      <td>-0.582929</td>\n",
       "      <td>-0.029471</td>\n",
       "      <td>0.999229</td>\n",
       "    </tr>\n",
       "    <tr>\n",
       "      <th>VP</th>\n",
       "      <td>-0.506260</td>\n",
       "      <td>1.000000</td>\n",
       "      <td>0.170668</td>\n",
       "      <td>0.982496</td>\n",
       "      <td>0.999977</td>\n",
       "      <td>0.976305</td>\n",
       "      <td>0.876624</td>\n",
       "      <td>-0.511810</td>\n",
       "    </tr>\n",
       "    <tr>\n",
       "      <th>AP</th>\n",
       "      <td>-0.072334</td>\n",
       "      <td>0.170668</td>\n",
       "      <td>1.000000</td>\n",
       "      <td>0.179447</td>\n",
       "      <td>0.168324</td>\n",
       "      <td>0.089790</td>\n",
       "      <td>0.138859</td>\n",
       "      <td>-0.111435</td>\n",
       "    </tr>\n",
       "    <tr>\n",
       "      <th>N</th>\n",
       "      <td>-0.657014</td>\n",
       "      <td>0.982496</td>\n",
       "      <td>0.179447</td>\n",
       "      <td>1.000000</td>\n",
       "      <td>0.982692</td>\n",
       "      <td>0.977814</td>\n",
       "      <td>0.771847</td>\n",
       "      <td>-0.662278</td>\n",
       "    </tr>\n",
       "    <tr>\n",
       "      <th>R</th>\n",
       "      <td>-0.507556</td>\n",
       "      <td>0.999977</td>\n",
       "      <td>0.168324</td>\n",
       "      <td>0.982692</td>\n",
       "      <td>1.000000</td>\n",
       "      <td>0.975638</td>\n",
       "      <td>0.876006</td>\n",
       "      <td>-0.513008</td>\n",
       "    </tr>\n",
       "    <tr>\n",
       "      <th>TL</th>\n",
       "      <td>-0.582929</td>\n",
       "      <td>0.976305</td>\n",
       "      <td>0.089790</td>\n",
       "      <td>0.977814</td>\n",
       "      <td>0.975638</td>\n",
       "      <td>1.000000</td>\n",
       "      <td>0.805911</td>\n",
       "      <td>-0.584967</td>\n",
       "    </tr>\n",
       "    <tr>\n",
       "      <th>ϴT</th>\n",
       "      <td>-0.029471</td>\n",
       "      <td>0.876624</td>\n",
       "      <td>0.138859</td>\n",
       "      <td>0.771847</td>\n",
       "      <td>0.876006</td>\n",
       "      <td>0.805911</td>\n",
       "      <td>1.000000</td>\n",
       "      <td>-0.035600</td>\n",
       "    </tr>\n",
       "    <tr>\n",
       "      <th>ϴ</th>\n",
       "      <td>0.999229</td>\n",
       "      <td>-0.511810</td>\n",
       "      <td>-0.111435</td>\n",
       "      <td>-0.662278</td>\n",
       "      <td>-0.513008</td>\n",
       "      <td>-0.584967</td>\n",
       "      <td>-0.035600</td>\n",
       "      <td>1.000000</td>\n",
       "    </tr>\n",
       "  </tbody>\n",
       "</table>\n",
       "</div>"
      ],
      "text/plain": [
       "          T(K)        VP        AP         N         R        TL        ϴT  \\\n",
       "T(K)  1.000000 -0.506260 -0.072334 -0.657014 -0.507556 -0.582929 -0.029471   \n",
       "VP   -0.506260  1.000000  0.170668  0.982496  0.999977  0.976305  0.876624   \n",
       "AP   -0.072334  0.170668  1.000000  0.179447  0.168324  0.089790  0.138859   \n",
       "N    -0.657014  0.982496  0.179447  1.000000  0.982692  0.977814  0.771847   \n",
       "R    -0.507556  0.999977  0.168324  0.982692  1.000000  0.975638  0.876006   \n",
       "TL   -0.582929  0.976305  0.089790  0.977814  0.975638  1.000000  0.805911   \n",
       "ϴT   -0.029471  0.876624  0.138859  0.771847  0.876006  0.805911  1.000000   \n",
       "ϴ     0.999229 -0.511810 -0.111435 -0.662278 -0.513008 -0.584967 -0.035600   \n",
       "\n",
       "             ϴ  \n",
       "T(K)  0.999229  \n",
       "VP   -0.511810  \n",
       "AP   -0.111435  \n",
       "N    -0.662278  \n",
       "R    -0.513008  \n",
       "TL   -0.584967  \n",
       "ϴT   -0.035600  \n",
       "ϴ     1.000000  "
      ]
     },
     "execution_count": 9,
     "metadata": {},
     "output_type": "execute_result"
    }
   ],
   "source": [
    "kan_corr = kan.corr()\n",
    "kan_corr"
   ]
  },
  {
   "cell_type": "markdown",
   "metadata": {},
   "source": [
    "PLOT THE HEAT MAP SHOWING THE RESULTS FROM THE CORRELATION TABLES"
   ]
  },
  {
   "cell_type": "code",
   "execution_count": 10,
   "metadata": {},
   "outputs": [
    {
     "data": {
